
lhasa={
	location=677
	inland=yes
	outgoing={
		name="lahore"
		path={
			2129 2128 2074 48
		}
		control={
			4149.000000 1199.000000 4046.000000 1217.000000 
		}
	}
	outgoing={
		name="chengdu"
		path={
			2132 2167 675 679 
		}
		control={
			4286.000000 1196.000000 4365.000000 1197.000000 4427.310059 1151.910034 
		}
	}
	outgoing={
		name="ganges_delta"
		path={
			102 4479 
		}
		control={
			4201.000000 1131.000000 4206.000000 1106.000000 4187.000000 1090.000000 4205.000000 1073.000000 4203.000000 1058.000000 4210.000000 1047.000000 4207.000000 1038.000000 4221.000000 1026.000000 4234.000000 1003.000000 
		}
	}
	members={
		2129 2128 676 705 706 2134 4204 677 2130 4205 
		105 4481 4482 #bhutan_area
		97 2070 2071 4483 4485 #nepal_area
		4514 4515 4516 4517 4518 4519 4520 #new tibetan provinces
	}
}
chengdu={
	location=679
	inland=yes
	outgoing={
		name="canton"
		path={
			680 673 2163 2165 665 667 1371 
		}
		control={
			4506.000000 1143.000000 4513.000000 1093.000000 4498.000000 1039.000000 4528.000000 1030.000000 4568.000000 1025.000000 4580.000000 1023.000000 
		}
	}
	outgoing={
		name="xian"
		path={
			2169 689 700 
		}
		control={
			4474.000000 1173.000000 4519.000000 1194.000000 
		}
	}
	outgoing={
		name="burma"
		path={
			675 2167 2166 123 2400 
		}
		control={
			4416.000000 1100.000000 4374.000000 1058.000000 4303.000000 1027.000000 
		}
	}
	members={
		679 2132 2167 678 2135 2131 2133 660 661 2165 2166 680 679 680 4212 2169 2170 4211 675 2168 2748 4213
	}
}
canton={
	location=1371
	outgoing={
		name="malacca"
		path={
			1394 1367 1362 1361 
		}
		control={
			4611.000000 901.000000 4555.000000 789.000000 4459.000000 737.000000 4475.000000 665.000000 
		}
	}
	outgoing={
		name="hangzhou"
		path={
			1372 1824 684 
		}
		control={
			4640.000000 1012.000000 4686.000000 1065.000000 4720.000000 1127.000000 
		}
	}
	outgoing={
		name="philippines"
		path={
			1394 1397 
		}
		control={
			4644.000000 947.000000 4672.000000 874.000000 4704.000000 866.000000 4711.000000 876.000000 4727.000000 885.000000 
		}
	}
	members={
		2161 1371 150 153 156 664 665 666 667 668 672 738 1016 1840 2154 2155 2156 2157 2158 2159 2160 2162 2163 2164 2173 2174 2372 671 2373 662 663 673 674 4199 
	}
}
australia={
	location=1411
	outgoing={
		name="the_moluccas"
		path={
			1411 1407 1410 1409 1401 1357 
		}
		control={
			5196.000000 344.000000 5122.000000 453.000000 4963.000000 459.000000 4902.000000 544.000000 4800.000000 542.000000 
		}
	}
	members={
		1085 1086 1087 1088 1089 1090 1091 1092 1093 1106 1107 1108 1109 1236 1237 1242 1243 1246 1239 1238 1789 1790 1791 1094 1084 1412 1986 2719 2720 2721 2722 2726 2727 2728 2729 2730 2731 2732 2733 2734 2735 2736 2737 2738 2739 1244 1987 1988 
		1411
	}
}
nippon={
	location=1376
	outgoing={
		name="hangzhou"
		path={
			1389 1373 684 
		}
		control={
			4801.000000 1197.000000 4760.000000 1154.000000 
		}
	}
	members={
		1376 1012 1014 1017 1018 1019 1020 1021 1023 1024 1025 1026 1027 1028 1029 1030 1031 1032 1818 1819 1820 1825 1830 1832 1835 1837 1839 1843 1847 1852 4131 4180 4181 4182 4183 4184 4185 4186 4187 4188 4189 4190 4191 4192 4193 1015 4359 4360
		1845 2744 4232 #pyongan_area
		732 2742 2743 #hamgyeong_area
		733 735 4230 4231 #western_korea_area
		734 736 2694 2745 4227 #eastern_korea_area
		737 1013 2741 4228 4229 #south_korea_area
	}
}
hangzhou={
	location=684
	outgoing={
		name="xian"
		path={
			686 687 1836 700 
		}
		control={
			4684.000000 1156.000000 4652.000000 1177.000000 4599.000000 1195.000000 4573.000000 1192.000000 4537.000000 1199.000000 
		}
	}
	outgoing={
		name="beijing"
		path={
			684 1373 1374 1375 
		}
		control={
			4731.000000 1164.000000 4743.000000 1243.000000 4715.000000 1289.000000 4689.000000 1298.000000 
		}
	}
	outgoing={
		name="malacca"
		path={
			1373 1392 1393 1395 1368 1360 1361 
		}
		control={
			4735.000000 1133.000000 4783.000000 1092.000000 4723.000000 1053.000000 4669.000000 934.000000 4651.000000 849.000000 4583.000000 774.000000 4518.000000 688.000000 4471.000000 646.000000 
		}
	}
	members={
		669 670 683 684 685 686 1821 1822 1824 1829 1833 1838 1897 2143 2144 2145 2146 2147 2148 2149 2150 2151 2152 2153 2141 2142 4196 
	}
}
xian={
	location=700
	inland=yes
	outgoing={
		name="beijing"
		path={
			1836 692 2137 2140 691 2138 1375 1816 
		}
		control={
			4532.000000 1227.000000 4550.000000 1235.000000 4592.540039 1233.510010 4622.000000 1257.000000 4638.000000 1267.000000 4660.000000 1280.000000 4671.000000 1300.000000 
		}
	}
	outgoing={
		name="yumen"
		path={
			689 698 706 707 
		}
		control={
			4503.000000 1223.000000 4476.000000 1256.000000 4436.000000 1282.000000 
		}
	}
	members={
		687 1836 2181 2180 698 699 688 692 2183 2175 2176 681 682 2171 2172 4197 689 700 2179 4198 701 709 2191 4223 
	}
}
beijing={
	location=4233
	outgoing={
		name="yumen"
		path={
			695 696 697 701 709 707 
		}
		control={
			4642.000000 1325.000000 4583.000000 1333.000000 4520.000000 1311.000000 4429.000000 1321.000000 
		}
	}
	members={
		690 691 702 723 2138 2139 2140 2114 2115 2747 703 1816 2136 4194 695 696 2137 4195 704 726 2111 2112 2113 693 694 697 2177 2178 
		4233
	}
}
philippines={
	location=1397
	outgoing={
		name="the_moluccas"
		path={
			1399 1357 
		}
		control={
			4744.000000 846.000000 4743.000000 815.000000 4739.000000 798.000000 4692.000000 752.000000 4747.000000 732.000000 4773.000000 665.000000 4730.000000 612.000000 4750.479980 567.989990 
		}
	}
	members={
		1397 
		2701 2702 4355 #mindanao_area
		191 192 4354 #west_mindanao_area
		193 2700 4351 4352 4353 4653 #west_and_east_visayas_area
		190 194 4356 #palawan_area
		196 197 2698 4348 #luzon_area
		195 2697 2699 4349 4350 #southern_luzon_area
		1235 1995 1996 #west_micronesia_area
		1243 1989 1990 1992 #polynesia_area
		1241 1991 1993 1994 #micronesia_area
	}
	
	ai_will_propagate_through_trade = yes
}
the_moluccas={
	location=1357
	outgoing={
		name="malacca"
		path={
			1358 1360 
		}
		control={
			4669.000000 535.000000 4548.000000 575.000000 4489.000000 622.000000 
		}
	}
	members={
		185 2687 2688 2689 2690 2718 2724 1357 1245 186 184 2717 177 178 179 2725 2696 2695 174 173 182 2713 2714 18 2715 180 2716 172 167 2691 171 2693 169 2692 168 166 165 170 164 183 2723 
	}
	
	ai_will_propagate_through_trade = yes
}
gulf_of_siam={
	location=1365
	color={
		84 152 93 
	}
	outgoing={
		name="malacca"
		path={
			1364 1362 1361 
		}
		control={
			4403.000000 767.000000 4431.000000 709.000000 4446.000000 665.000000 
		}
	}
	members={
		132 140 141 142 143 144 145 146 149 147 148 151 152 154 155 1817 1823 1844 1022 2374 2375 2376 2377 2378 2379 2380 2381 2382 2383 2384 2385 2386 2387 2388 2389 131 2404 2371 1365
		129 #Karenni
	}
}
malacca={
	location=1361
	outgoing={
		name="ganges_delta"
		path={
			1348 1347 1345 1344 1343 
		}
		control={
			4329.000000 740.000000 4311.000000 813.000000 4279.000000 878.000000 4242.000000 943.000000 
		}
	}
	members={
		133 134 135 136 137 138 139 157 158 159 160 161 162 163 175 176 177 178 179 198 1361 1998 1999 2390 2391 2392 2393 2394 2673 2674 2675 2676 2677 2678 2679 2680 2681 2682 2683 2684 2685 2686 2703 2704 2705 2706 2707 2708 2709 2710 2711 2712 2740 1101 
	}
	
	ai_will_propagate_through_trade = yes
}
yumen={
	location=707
	inland=yes
	outgoing={
		name="samarkand"
		path={
			713 1786 739 1785 452 1967 454 
		}
		control={
			4257.000000 1318.000000 4131.000000 1298.000000 4047.000000 1300.000000 3994.000000 1290.000000 3932.000000 1308.000000 3893.000000 1304.000000 3863.000000 1312.000000 
		}
	}
	members={
		710 1786 707 708 711 714 719 1784 2118 2119 2123 2189 2190 2194 2182 2184 2122 4206 4207 717 721 2116 4219 4220 720 2193 4221 713 715 2120 4208 718 2117 4222 712 2121 2192 
	}
}
burma={
	location=124
	color={
		35 229 76
	}
	inland=yes
	outgoing={
		name="ganges_delta"
		path={
			4396 1815 
		}
		control={
			4297.000000 951.000000 4306.000000 891.000000 4277.000000 895.000000 4254.000000 947.000000 
		}
	}
	members={
		110 113 2041 #naga_hills_area
		124 2399 121 #upper_burma_area
		2398 120 4393 2397 #chindwin_area
		106 111 2040 2042 4440 #assam_area
		4394 4396 125 4395 #central_burma_area
		123 128 2400 4397 4406 #shan_hill_area
		127 2401 4398 #karenni_area 
		122 2395 2396 4404 4405 #kachin_area
		107 2091 4473 #tripura_area
	}
}
ganges_delta={
	location=1343
	outgoing={
		name="comorin_cape"
		path={
			1342 1341 1340 
		}
		control={
			4126.000000 928.000000 4037.000000 783.500000 
		}
	}
	outgoing={
		name="doab"
		path={
			1343 104 103 2044 98 2095 96 2063 
		}
		control={
			4184.000000 1014.000000 4186.000000 1026.000000 4182.000000 1038.000000 4187.000000 1046.000000 4178.000000 1059.000000 4162.000000 1064.000000 4151.000000 1062.000000 4130.000000 1065.000000 4106.000000 1059.000000 4076.000000 1067.000000 4056.000000 1086.000000 
		}
	}
	members={
		1343
		93 2082 4447 4451 4452 #upper_mahanadi_area
		87 2048 4445 4446 4448 #garjat_area
		101 2081 4476 4477 #west_bengal_area
		104 2039 4474 4475 4478 #east_bengal_area
		92 2038 2043 2049 4441 #orissa_area
		100 2096 4450 4470 4471 #jharkhand_area
		1248 4654 #maldives_area
		102 2045 2046 4486 #north_bengal_area
		103 2044 4479 #gaur_area
		108 119 2402 #arakan_area
		126 130 1815 2403 4399 #lower_burma_area
		98 4469 4472 4489 #bihar_area
		2047 4484 4487 4488 #mithila_area
	}
}
doab={
	location=64
	color={
		236 162 19 
	}
	inland=yes
	outgoing={
		name="deccan"
		path={
			65 740 2057 
		}
		control={
			4014.000000 1082.000000 4030.000000 1062.000000 4018.000000 1024.000000 3998.000000 1002.000000 3987.000000 966.000000 
		}
	}
	outgoing={
		name="lahore"
		path={
			62 2062 4411
		}
		control={
			4021.000000 1115.000000 4009.000000 1144.000000 3981.000000 1151.000000 
		}
	}
	members={
		62 2060 2062 #upper_doab_area
		2061 4498 4499 #katehar_area
		59 60 2064 4500 #jaipur_area
		63 2094 4494 4495 4497 #oudh_area
		95 2055 2095 4490 #purvanchal_area
		64 96 2063 4496 #lower_doab_area
		65 68 740 4464 4465 #gird_area
		99 2059 4459 4466 4467 #bundelkhand_area
		2097 2098 4468 #baghelkhand_area
		4491 4492 94 #baisi_rajya_area
		49 51 2069 4493 #himalayan_hills_area
	}
}
lahore={
	location=47
	color={
		63 150 30 
	}
	inland=yes
	outgoing={
		name="samarkand"
		path={
			118 451 450 453 454 
		}
		control={
			3924.000000 1220.000000 3877.000000 1222.000000 3866.000000 1243.000000 3831.000000 1274.000000 
		}
	}
	outgoing={
		name="persia"
		path={
			118 42 41 446 2221 2235 2214 
		}
		control={
			3920.000000 1210.000000 3866.000000 1216.000000 3841.000000 1244.000000 3776.000000 1217.000000 3757.000000 1247.000000 3691.000000 1246.000000 3668.000000 1269.000000 
		}
	}
	outgoing={
		name="gujarat"
		path={
			46 2072 
		}
		control={
			3921.000000 1136.000000 3872.000000 1087.000000 3879.000000 1059.000000 
		}
	}
	members={
		1785 1787 2200 #Wastelands
		47 2073 2074 4449 4521 #kashmir_area
		47 2075 2076 4510 4513 #lahore_area
		46 2079 2086 4508 4509 #multan_area
		2077 2078 4511 #sind_sagar_area
		50 2065 4411 4463 #sirhind_area
		116 117 2068 #kalat_area
		39 42 118 2226 #kabulistan_area
		38 40 2225 #ghor_area
		41 2227 2228 #balkh_area
	}
}
deccan={
	location=1948
	color={
		241 13 61
	}
	inland=yes
	outgoing={
		name="gujarat"
		path={
			4433 57 1337 
		}
		control={
			3964.000000 943.000000 3919.000000 945.000000 
		}
	}
	outgoing={
		name="comorin_cape"
		path={
			81 4422 4414 2026 
		}
		control={
			4009.000000 916.000000 4000.000000 889.000000 4009.000000 873.000000 4019.000000 855.000000 4024.000000 827.000000 4035.000000 814.000000 4006.000000 783.000000 
		}
	}
	members={
		66 2056 2057 2093 4461 #malwa_area
		90 91 2092 4458 4460 #gondwana_area
		72 2033 4428 #raichur_doab_area
		2028 4438 4444 #telingana_area
		82 2037 4436 4439 #golconda_area
		67 4434 4453 #khandesh_area
		109 1948 2035 4435 #maidan_area
		86 88 2050 4442 4443 #berar_area
		1946 2034 4431 #desh_area
		84 85 4432 4433 4437 #ahmednagar_area
	}
}
comorin_cape={
	location=1340
	color={
		13 1 179
	}
	outgoing={
		name="gulf_of_aden"
		path={
			1615 1451 1331 
		}
		control={
			3866.000000 794.500000 3715.000000 850.000000 
		}
	}
	outgoing={
		name="gujarat"
		path={
			1339 2030 
		}
		control={
			3952.000000 822.000000 3895.000000 915.000000 
		}
	}
	outgoing={
	}
	members={
		1340
		2083 4418 4419 4420 #north_carnatic_area
		79 80 1947 2027 4417 #south_carnatic_area
		76 2101 4412 #madura_area
		2100 4408 4409 4651 #lanka_area
		112 2099 4407 4652 #south_lanka_area
		114 1101 1248 1998 1999 #indian_ocean_islands_area
		78 2085 4414 #kongu_area
		2026 4415 4416 #tanjore_area
		73 2031 4421 4422 4426 #mysore_area
		81 1949 2090 4423 4424 #rayalaseema_area
		74 75 77 4410 4413 #malabar_area
		71 2029 2030 2032 4427 #kanara_area
		83 89 2084 2080 4425 #andhra_area
	}
}
gujarat={
	location=44
	color={
		135 104 85 
	}
	outgoing={
		name="gulf_of_aden"
		path={
			1336 1333 1332 1331 
		}
		control={
			3809.000000 1011.000000 3760.000000 967.000000 3677.000000 901.000000 
		}
	}
	outgoing={
		name="hormuz"
		path={
			1336 1334 
		}
		control={
			3799.000000 1035.000000 
		}
	}
	outgoing={
		name="zanzibar"
		path={
			1336 1452 1451 1453 1447 
		}
		control={
			3839.000000 977.000000 3819.000000 933.000000 3700.000000 780.000000 3699.000000 669.000000 
		}
	}
	members={
		58 2058 2087 4501 4462 #mewar_area
		52 4502 4507 2066 #jangladesh_area
		53 54 2067 4506 #marwar_area
		44 2088 4503 4504 #sindh_area
		45 2072 4505 #northern_sindh_area
		69 70 2089 4429 #konkan_area
		55 61 2052 4454 4455 #saurashtra_area
		57 2036 4430 #tapti_area
		43 2053 4456 4480 #patan_area
		56 2051 2054 4512 4457 #ahmedabad_area
	}
}
ethiopia={
	location=2772
	inland=yes
	outgoing={
		name="gulf_of_aden"
		path={
			1213 1211 1212 4346 
		}
		control={
			3454.000000 793.000000	3486.000000 822.000000	3567.000000 840.000000 
		}
	}
	members={
		774 1217 1218 1222 1228 2756 2757 2758 2759 2760 2761 2762 2763 2772 2791 2778 2785 2797 2766 2767 2769 2770 2771 2779 2780 2781 1224 1213 1223 1214 1216 1221 2800 2801 2802 1229 1225 1226 1227 1220 1207 1208 1210 2798 2799 1219 2776 2932 4033 4158 2777 4051 4052 
	}
}
gulf_of_aden={
	location=4346
	outgoing={
		name="zanzibar"
		path={
			1446 1447 1448 
		}
		control={
			3619.000000 810.000000 3602.000000 764.000000 3521.500000 652.000000 
		}
	}
	outgoing={
		name="hormuz"
		path={
			1332 1333 1334 
		}
		control={
			3663.000000 915.000000 3763.000000 1013.000000 
		}
	}
	members={
		2324 2775 2782 2783 2786 2788 2789 2790 2793 2794 2795 2024 1205 1206 1209 1212 1215 1230 2765 2773 2792 2784 1211 2764 2787 1232 1331 1779 
		2768 #Angot
		401 2341 2342 #dhofar_area
		402 1099 4284 #mahra_area
		387 2346 4279 #tihama_al_yemen_area
		390 2344 4281 #upper_yemen_area
		388 2345 4280 #yemen_area
		386 391 4282 #asir_area
		389 2343 4283 #hadramut_area
		1328 1329 1330 4333 #Red Sea Area
		4346
	}
}
hormuz={
	location=1334
	outgoing={
		name="basra"
		path={
			2219 1335 
		}
		control={
			3687.000000 1082.000000 3650.000000 1073.000000 
		}
	}
	members={
		21 22 28 2333 #pirate_coast_area
		31 2220 2234 4345 #kerman_area
		33 115 2231 2232 2233 #makran_area
		430 2219 2223 4332  #persian_gulf_coast
		2218 4329 4330 4331 #farsistan_area
		27 4285 4287 #oman_area
		399 400 4286 #mascat_area
		30 2999 4327 #mogostan_area
		1332 1334 1335 4347#Sea
	}
}
zanzibar={
	location=1448
	color={
		130 17 17 
	}
	members={
		1448 788 1100 1102 1103 1183 1186 1192 1193 1194 1195 1196 1197 1198 1199 1200 1201 1202 1203 1204 1792 2796 2774 4020 4021 4022 4023 4024 4025 4026 4027 4028 4029 4030 4031 4032 4049
	}
}
basra={
	location=1335
	outgoing={
		name="persia"
		path={
			412 413 428 426 
		}
		control={
			3564.000000 1167.000000 3561.000000 1228.000000 3591.000000 1234.000000 
		}
	}
	members={
		1335 #Persian Gulf
		12 14 11 4290 13 #khuzestan_area
		394 19 20 2340 2347 #bahrain_area
		393 2338 4272 #nafud_area
		392 2337 4273 4274 #qasim_area
		2335 2336 2339 4275 #yamamah_area
		408 2311 2312 4288 #basra_area
		406 409 410 2310 4291 #iraq_arabi_area
		413 414 2209 2210 #luristan_area
		415 2211 4293 4294 #shahrizor_area
		2334 4276 #Wasteland
	}
}
samarkand={
	location=454
	inland=yes
	outgoing={
		name="persia"
		path={
			29
		}
		control={
			3820.000000 1295.000000 3781.000000 1294.000000 3744.000000 1293.000000 3696.000000 1301.000000 3672.000000 1286.000000 3649.000000 1263.000000 
		}
	}
	members={
		36 453 454 455 456 457 459 476 477 1967 1969 1970 1973 461 478 2126 2370 2362 2363 2356 2364 2368 2355 2360 2361 2358 2352 2351 2353 2359 458 2125 460 2350 2349 739 2124 2127 4209 4210 
		1968 4344 4343 #termez_area
	}
}
persia={
	location=4341
	color={
		204 119 31 
	}
	inland=yes
	members={
		34 2224 2229 2230 #sistan_area
		35 4334 4336 #birjand_area
		37 4324 4325 #herat_area
		2221 2235 2236 4326 #mashhad_area
		2214 4339 4341 #tabarestan_area
		29 5 2213 2216 4337 #iraq_e_ajam_area
		9 32 2222 4335 4171 #isfahan_area
		2202 2205 4302 #armenia_area
		4299 4305 4340 #shirvan_area
		2206 2207 4304 #tabriz_area
		2212 2215 4300 4338 #azerbaijan_area
		4177 4170 4172 4179#Wasteland
	}
}